Areal values from HadUK-Grid 1km gridded climate data from land surface network
Source: Met Office National Climate Information Centre
Monthly, seasonal and annual total precipitation amount for UK
Areal series, starting in 1862
Last updated 01-Feb-2020 14:15
year    jan    feb    mar    apr    may    jun    jul    aug    sep    oct    nov    dec     win     spr     sum     aut     ann
1862  120.6   32.0  104.7   92.4   96.7   93.6  102.5   84.8   76.1  174.1   57.5  134.8     ---   293.8   280.9   307.6  1169.8
1863  162.7   78.9   58.1   70.7   53.5  114.8   26.7  117.1  136.0  140.6  113.7  114.7   376.5   182.4   258.6   390.3  1187.6
1864   72.8   84.6  103.2   50.5   57.9   72.5   48.5   47.8  117.9   95.0  112.0  102.9   272.0   211.7   168.9   324.9   965.7
1865  114.9   91.9   61.6   32.6   97.4   39.7   93.3  129.4   28.3  163.1  107.5   86.5   309.7   191.6   262.4   298.9  1046.2
1866  148.6  124.5   85.2   53.7   43.7   72.9   77.7  113.1  159.8   75.0  110.4  127.1   359.6   182.6   263.6   345.2  1191.7
1867  128.9   86.6   76.3  117.8   73.1   52.1  112.9   76.4   80.4  124.3   37.9   89.5   342.6   267.1   241.3   242.7  1056.2
1868  150.8  118.4  110.3   75.6   56.3   35.2   26.1  135.5   86.4  114.4   78.5  198.4   358.7   242.2   196.8   279.2  1185.7
1869  135.7  125.5   57.6   64.9   88.1   44.2   38.5   48.4  161.5   92.2  121.4  142.2   459.6   210.6   131.1   375.1  1120.3
1870   80.0   85.1   49.3   50.8   57.7   43.6   52.1   58.7   75.1  169.0   86.0  103.8   307.3   157.8   154.3   330.1   911.1
1871   81.7   93.7   65.3  100.8   31.7   70.6  131.3   66.7  119.7  104.4   64.0   94.4   279.3   197.8   268.7   288.2  1024.5
1872  170.1  107.9   84.9   74.0   76.9  132.6  111.2   96.5  138.4  154.7  164.1  146.5   372.3   235.9   340.3   457.2  1457.9
1873  142.0   46.9   73.7   29.6   67.9   62.8  106.8  117.2   92.2  123.7   86.6   65.4   335.4   171.2   286.8   302.5  1014.7
1874  112.9   61.9   78.9   64.3   45.4   44.9   65.4  119.2  126.2  147.2  108.5   94.2   240.2   188.5   229.5   381.9  1068.8
1875  142.4   49.7   40.8   42.7   65.5   85.1  119.5   87.0  108.2  146.6  139.1   80.4   286.3   148.9   291.7   393.9  1107.1
1876   69.2  112.7  125.7   82.3   26.2   72.5   60.1   91.7  121.4  101.0  105.1  192.1   262.3   234.2   224.2   327.5  1159.9
1877  170.0  105.4   81.0   83.2   80.3   83.0  114.5  139.7   74.8  127.9  173.8  113.8   467.4   244.6   337.2   376.5  1347.3
1878   97.0   56.9   60.8   61.0  115.1   80.0   39.1  139.0  102.5  125.6  110.7   78.1   267.8   236.9   258.0   338.8  1065.8
1879   63.1   88.8   62.0   63.2   75.1  127.3  125.8  144.7  111.9   53.4   50.1   62.8   230.0   200.3   397.8   215.3  1028.0
1880   43.5  111.5   58.7   76.9   44.5   81.6  136.7   38.5  109.5  121.6  121.5  126.1   217.7   180.1   256.7   352.6  1070.5
1881   33.4  106.4   94.6   37.0   61.3   87.3   97.4  129.8   70.3   94.7  135.8  117.3   265.8   192.9   314.6   300.9  1065.4
1882   91.2   88.9   95.9  104.8   59.8  111.7  126.0   88.3   93.0  133.8  150.2  131.1   297.3   260.5   325.9   377.1  1274.7
1883  122.4  120.5   55.7   50.9   59.7   80.8   94.1   85.4  127.5  116.8  138.0   90.4   374.0   166.2   260.3   382.4  1142.2
1884  145.9   94.6   84.4   45.9   63.1   42.3  106.0   65.7   81.8   87.4   90.5  125.1   331.0   193.4   213.9   259.7  1032.7
1885   81.2  118.4   64.3   63.9   80.5   56.3   38.0   64.2  146.1  136.1   96.0   70.2   324.7   208.7   158.5   378.2  1015.3
1886  131.7   43.5   88.9   65.5  115.1   40.5  101.2   60.4   96.5  133.5  113.2  145.6   245.3   269.5   202.1   343.2  1135.6
1887   96.9   57.2   53.6   53.0   50.3   26.2   64.2   69.2   98.3   75.3   95.5   90.1   299.7   157.0   159.6   269.1   829.9
1888   65.6   45.1   97.9   62.7   59.5   76.5  142.2   92.6   40.8   76.8  167.8   91.7   200.8   220.0   311.3   285.4  1019.1
1889   66.4   83.5   82.2   86.0   78.1   25.3   75.8  125.5   65.0  117.7   61.2   91.9   241.6   246.3   226.6   243.9   958.6
1890  153.5   29.6   86.6   48.2   61.3   91.9   98.3  106.1   71.1   98.1  157.0   38.6   275.1   196.2   296.3   326.2  1040.4
1891   80.9   25.1   74.1   46.2   77.7   54.3   86.9  155.3  104.1  161.1  102.8  158.9   144.6   198.0   296.5   368.0  1127.4
1892   87.2   65.5   35.0   39.1   84.9   84.5   74.1  123.5  114.2  140.1   91.2   62.1   311.5   158.9   282.2   345.5  1001.4
1893   70.4  119.5   33.6   24.2   51.3   46.4   96.9   87.6   88.3  119.9   91.7  131.1   252.0   109.0   230.9   300.0   960.9
1894  121.4  142.9   78.3   51.1   79.6   72.5  103.6  104.1   33.4  109.7  119.8  103.3   395.4   209.0   280.1   262.8  1119.5
1895   97.3   19.9   92.5   65.4   22.2   51.5  120.5  116.5   40.8  122.5  129.5  107.5   220.6   180.1   288.5   292.8   986.2
1896   61.3   47.4  122.1   50.5   19.1   84.8   80.6   76.8  154.8  125.6   46.7  144.1   216.2   191.7   242.2   327.1  1013.8
1897   57.3   88.4  129.5   70.3   53.0   93.1   52.6  122.1  104.8   61.2   83.5  141.4   289.9   252.9   267.8   249.5  1057.3
1898   72.3   92.7   56.9   80.8   89.1   63.2   37.5  104.4   68.9  119.0  108.2  146.7   306.4   226.8   205.2   296.1  1039.7
1899  130.6   75.8   65.4   98.8   77.2   49.1   66.6   41.7  119.9   96.2  108.0   96.7   353.1   241.4   157.4   324.1  1026.0
1900  137.1  115.4   34.9   65.2   65.9   85.7   72.6  123.4   64.5  129.2  110.5  167.8   349.1   165.9   281.7   304.2  1172.0
1901   74.4   55.1   80.4   79.3   39.3   69.9   65.6   91.3   65.4   98.4   86.5  146.7   297.3   198.9   226.8   250.3   952.2
1902   74.2   45.2   78.2   57.0   82.8   65.9   68.6   89.4   66.7   90.6   80.8  105.9   266.1   218.0   223.8   238.0   905.2
1903  138.8  114.9  153.4   60.8   81.1   67.7  111.3  147.2  105.4  227.4   93.3   80.3   359.6   295.4   326.2   426.1  1381.7
1904  117.2  111.8   61.3   90.8   79.9   46.4   72.8  107.8   75.8   59.6   77.5   97.1   309.3   232.0   227.0   213.0   998.1
1905   68.2   70.0  120.7   75.9   40.3   65.7   55.2  118.9   75.1   87.0  124.3   58.9   235.3   236.9   239.8   286.4   960.2
1906  153.7   93.4   78.5   48.6  104.8   50.9   60.1   94.3   46.7  160.2  125.0  106.9   306.1   231.9   205.3   331.9  1123.0
1907   68.2   78.2   75.4   80.0   97.3  111.8   70.1  105.0   30.8  148.4   92.0  123.1   253.3   252.7   286.8   271.3  1080.3
1908   88.8   85.8  117.8   72.2   66.8   55.8   86.3   99.9  110.0   51.6   79.2  100.6   297.7   256.8   242.0   240.8  1014.7
1909   83.9   45.4  101.7   82.0   57.9   72.4  104.5   81.2   74.1  162.4   60.1  138.7   229.8   241.5   258.1   296.6  1064.1
1910  111.3  126.3   49.5   95.1   71.6   69.7   97.1  140.7   26.8   89.2  127.7  141.2   376.2   216.3   307.4   243.7  1146.0
1911   59.1   99.2   62.0   69.1   52.1   77.0   43.0   69.6   69.2   91.1  140.9  187.4   299.5   183.2   189.6   301.1  1019.6
1912  111.2   79.3  127.8   35.6   58.1  124.9   92.2  167.0   56.8  115.6  106.1  162.2   377.9   221.5   384.1   278.5  1236.8
1913  122.9   56.8  130.6  103.0   81.3   63.6   33.4   44.3   73.4  102.2  125.0   85.7   342.0   314.9   141.2   300.6  1022.2
1914   78.2  115.2  123.4   52.1   59.1   52.6   94.8   80.4   57.3   61.4  138.1  202.6   279.1   234.6   227.8   256.9  1115.2
1915  117.1  140.6   54.0   65.7   53.2   37.4  124.4   81.0   54.7   74.5   84.2  182.2   460.2   172.9   242.8   213.4  1068.9
1916  108.4  138.9   87.3   70.1   92.5   71.7   73.4   90.5   54.8  172.1  129.2  106.7   429.5   249.9   235.5   356.1  1195.5
1917   73.6   34.2   73.5   63.8   69.3   73.0   60.8  166.2   75.7  166.9  120.2   62.2   214.5   206.6   300.0   362.7  1039.3
1918  105.5  106.1   42.8   49.8   64.9   42.4  120.4   84.3  181.7  106.0   97.4  134.2   273.9   157.5   247.1   385.2  1135.6
1919  119.5   59.5  118.0   80.2   30.0   64.5   49.6   89.9   81.6   71.0  101.2  165.1   313.1   228.1   204.0   253.7  1030.0
1920  139.5   95.1  108.8  106.0   93.9   58.5  124.4   71.5   78.7   75.9   82.9  105.2   399.7   308.7   254.4   237.4  1140.4
1921  149.6   23.7  103.0   39.0   63.1   17.5   59.7  110.3   53.2   81.9   73.0  128.9   278.6   205.1   187.5   208.1   903.0
1922  122.9  113.9   71.9   86.1   62.4   52.4  117.0   99.2   79.5   47.2   66.1  127.6   365.8   220.5   268.7   192.8  1046.4
1923  104.1  152.6   50.6   80.0   78.6   35.8   91.4  128.6  111.6  155.7  112.8  115.2   384.3   209.2   255.8   380.1  1217.0
1924  103.7   38.9   37.1   76.1  122.8   71.1  123.3  113.3  133.4  121.5   81.4  153.0   257.7   236.0   307.8   336.4  1175.7
1925  102.2  136.6   51.0   94.3  121.5   14.0   73.9   85.9  103.5  111.2   64.8  109.3   391.8   266.8   173.9   279.5  1068.3
1926  137.3   95.3   59.1   71.0   74.3   77.4   79.8   86.7   80.1  117.7  164.2   51.6   341.9   204.5   243.9   362.0  1094.6
1927  128.1   76.1   91.8   80.5   50.7  107.2   98.3  133.0  157.3  110.1  116.9   66.0   255.9   223.0   338.6   384.4  1216.2
1928  205.1  105.4   95.4   48.8   41.1  109.7   70.0  110.7   62.3  159.5  145.6  105.9   376.4   185.4   290.3   367.4  1259.4
1929   48.9   38.7   17.0   41.1   70.0   61.6   82.0  107.0   46.2  150.7  188.1  212.9   193.5   128.0   250.6   385.0  1064.1
1930  153.4   24.3   72.5   67.5   59.2   54.4  103.0  138.7  113.6  136.4  142.9  114.5   390.6   199.2   296.1   392.9  1180.3
1931  107.9  100.4   28.8   87.3   96.9  111.8  117.3   98.2   65.6   63.9  154.7   82.2   322.7   213.1   327.3   284.2  1115.0
1932  137.6    9.1   71.5  100.2  107.8   35.7  110.6   59.7  109.6  170.4   89.6  100.6   228.9   279.5   206.0   369.6  1102.4
1933   96.5  104.7   73.3   54.8   55.7   61.2   78.0   57.7   46.9  118.3   55.7   33.0   301.8   183.8   196.8   220.9   835.7
1934  113.7   21.7   80.9   97.8   64.4   50.4   66.8  102.6   99.6  127.7   57.7  177.8   168.4   243.1   219.8   285.0  1061.1
1935   63.6  121.9   43.7  100.7   33.9  102.1   38.9   75.1  153.0  172.3  144.1   93.8   363.4   178.2   216.2   469.5  1143.3
1936  127.5   75.3   64.9   48.4   38.0   80.6  143.7   52.5  101.1   93.1  106.7  132.8   296.7   151.4   276.8   300.9  1064.7
1937  153.3  138.3   80.5   69.5   67.3   55.5   85.9   64.7   76.0   84.8   46.7   93.0   424.5   217.4   206.1   207.5  1015.6
1938  147.7   58.2   57.2   14.1   82.2   94.0  108.7   85.7   80.7  171.8  164.0  119.0   298.8   153.6   288.5   416.5  1183.4
1939  147.5   96.2   79.3   66.4   33.1   63.4  144.9   69.7   47.4  103.8  172.6   71.9   362.8   178.8   278.0   323.7  1096.1
1940   68.4   71.5   93.5   71.4   44.0   27.9  134.8   38.6   72.6  125.0  190.3  107.5   211.8   209.0   201.2   387.9  1045.5
1941   74.1  106.4   82.4   49.5   64.1   31.3   83.1  131.8   33.1  108.4  104.7   74.9   288.0   196.0   246.2   246.2   943.7
1942  125.9   46.6   68.0   50.2   95.6   31.0   89.1  107.7  103.8  127.2   44.9  136.4   247.3   213.8   227.8   275.9  1026.4
1943  147.2   82.9   45.7   65.8   92.8   76.6   67.4  116.4   97.5  128.0   86.0   64.2   366.5   204.3   260.4   311.5  1070.4
1944  116.1   52.6   28.1   65.8   61.2   81.9   74.0   82.6  118.5  131.4  165.1  106.0   232.9   155.0   238.5   414.9  1083.2
1945  100.3  110.7   54.2   50.8   96.2   93.9   77.7   72.2   91.9  118.5   22.0  118.2   317.1   201.2   243.8   232.4  1006.6
1946  114.7   96.4   50.5   49.1   61.0   93.7  101.3  132.2  147.1   31.5  162.7  112.4   329.4   160.6   327.2   341.3  1152.6
1947   99.1   44.0  141.1  118.0   73.5   82.1   83.9   10.4   86.6   39.9  129.5   82.1   255.5   332.5   176.4   256.0   990.1
1948  181.1   78.5   64.5   68.5   66.5  107.3   68.4  138.6  109.7  107.7   77.8  140.3   341.8   199.6   314.3   295.2  1209.0
1949   91.2   77.7   58.2   92.8   68.7   27.7   58.9   87.7   58.4  157.8  124.9  147.7   309.2   219.7   174.2   341.1  1051.5
1950   67.7  141.1   62.4   96.4   50.5   62.0  115.2  132.5  180.4   78.0  140.0   79.5   356.5   209.2   309.6   398.4  1205.5
1951  115.0  109.7  106.1   88.4   65.2   44.5   73.0  135.1   86.6   40.8  193.2  141.2   304.3   259.8   252.6   320.5  1198.9
1952  108.1   39.9   81.3   60.9   66.3   69.1   51.5  116.7   91.0  120.5   95.0  110.3   289.2   208.4   237.2   306.5  1010.5
1953   50.6   62.3   34.3   81.9   69.9   62.8  119.3   95.5  104.2   79.1  118.5   74.7   223.3   186.1   277.5   301.9   953.1
1954   88.2   93.6   85.4   29.4   93.9   93.7   95.9  118.0  118.9  171.1  181.8  137.8   256.4   208.7   307.6   471.8  1307.8
1955   87.9   76.0   53.4   49.4   99.0   82.1   30.6   31.6   80.4   96.5   64.6  147.1   301.7   201.8   144.3   241.5   898.6
1956  120.6   42.6   45.3   48.4   44.7   76.5  122.9  161.2  105.3   82.0   58.3  140.2   310.4   138.4   360.6   245.7  1048.0
1957  120.6   99.3   92.4   27.6   51.8   57.3  123.2  121.6  120.3  102.3   65.4  119.4   360.1   171.8   302.2   288.1  1101.4
1958  113.9  117.5   51.4   43.7   94.6  100.0  106.7  110.6  119.0  102.0   55.2  120.3   350.8   189.7   317.3   276.2  1134.9
1959  102.7   25.3   73.4   91.7   34.8   61.9   93.3   43.8   23.4  117.8  145.1  176.6   248.3   199.9   198.9   286.3   989.7
1960  126.7   98.8   51.3   68.4   46.5   58.8  111.0  118.2  100.7  146.1  146.9  124.9   402.1   166.2   288.0   393.7  1198.4
1961  118.1   95.6   43.7  100.0   47.1   52.7   84.9  109.2  104.4  145.3   80.9  102.6   338.6   190.8   246.8   330.6  1084.5
1962  151.6   72.4   51.4   71.8   74.3   43.2   64.9  142.8  122.8   54.6   78.6  104.8   326.6   197.6   250.9   255.9  1033.2
1963   32.6   34.4  120.9   82.4   77.1   87.3   64.4  113.5   89.0   92.2  168.2   39.8   171.8   280.5   265.2   349.4  1001.8
1964   44.1   38.1   80.8   78.0   75.1   77.7   69.1   88.0   74.9   79.9   87.0  128.4   121.9   233.8   234.8   241.8   921.0
1965  122.6   24.8   76.6   81.0   70.9   89.6  101.6   90.0  141.7   71.1  106.8  163.3   275.8   228.5   281.3   319.5  1140.0
1966   65.1  126.1   75.8   91.1   86.4  104.6   73.0  100.1   75.2  124.9  107.1  159.4   354.4   253.3   277.7   307.2  1188.7
1967   83.6  109.1  107.0   56.4  131.5   50.9   79.0   84.0  116.6  196.9   93.2   98.0   352.1   294.9   213.9   406.7  1206.4
1968  104.8   53.9   93.0   67.4   84.2   79.3   97.8   67.8  135.3  132.2   75.8   81.3   256.7   244.6   245.0   343.3  1072.8
1969  111.6   72.2   59.6   64.5  108.2   67.3   70.7   76.9   70.5   59.6  144.3   98.4   265.0   232.3   214.9   274.3  1003.6
1970  108.5  107.3   78.3   93.2   41.8   53.8   98.8   94.8   97.3  111.5  174.2   63.0   314.2   213.2   247.3   383.0  1122.4
1971  113.3   59.2   76.0   54.8   58.0   89.0   57.4  106.3   37.2  102.8  114.0   69.0   235.5   188.8   252.7   254.0   937.1
1972  116.8   81.4   77.7   89.1   89.5   92.5   57.9   53.1   36.2   48.3  126.5  118.7   267.2   256.3   203.6   211.0   987.8
1973   69.9   69.1   42.9   72.2   85.6   68.5   86.4   83.2   86.8   62.3   97.3  106.9   257.7   200.7   238.0   246.4   931.1
1974  172.8  112.2   53.1   14.7   55.6   64.8   87.9   93.1  145.1   95.3  148.2  139.3   392.0   123.3   245.8   388.6  1182.1
1975  168.9   36.5   70.5   80.9   41.8   35.8   80.2   61.8  128.8   53.7   96.0   68.3   344.6   193.1   177.8   278.5   923.1
1976  111.7   62.0   77.6   36.1   84.5   38.9   44.5   24.3  141.4  163.4   98.5   92.6   242.0   198.2   107.8   403.4   975.6
1977  103.5  132.3   94.8   80.6   56.1   77.0   39.0   97.0   81.0  107.2  142.6   93.7   328.3   231.5   213.0   330.7  1104.7
1978  127.0   84.9  114.5   47.8   38.7   62.1   84.9   77.1  102.4   53.0  114.1  157.0   305.6   201.0   224.1   269.5  1063.5
1979   94.6   53.6  143.9   75.8  107.2   51.2   57.6  107.4   73.8  101.7  136.4  170.2   305.2   326.9   216.1   311.8  1173.2
1980   90.7   93.8  102.5   18.4   28.4  125.3   84.4  103.7  109.8  148.4  119.6  131.1   354.7   149.3   313.5   377.8  1156.1
1981   98.0   69.7  153.8   49.2   89.3   66.8   66.6   46.1  172.6  157.4  126.1   87.5   298.8   292.2   179.5   456.1  1183.0
1982  102.2   73.4  120.5   30.9   60.8   98.9   39.8  110.5  120.1  141.1  161.6  141.0   263.0   212.2   249.2   422.7  1200.7
1983  150.2   46.7   99.5   89.7  105.3   51.1   38.4   38.7  123.2  141.0   51.1  151.7   337.9   294.5   128.3   315.4  1086.8
1984  170.2   77.6   74.0   28.8   45.3   51.9   36.8   56.6  131.6  137.6  171.1  110.0   399.5   148.2   145.4   440.2  1091.5
1985   76.4   35.3   77.3   84.7   68.8   90.4  105.9  158.5  100.4   59.4   99.0  147.3   221.7   230.8   354.7   258.8  1103.4
1986  146.4   17.3  111.0   84.8  118.7   49.3   66.7  120.4   35.7  118.3  158.5  188.3   311.0   314.4   236.4   312.5  1215.3
1987   45.2   68.8  112.6   64.8   55.0  103.2   85.6   87.3   93.9  164.3   91.4   90.1   302.3   232.4   276.0   349.6  1062.0
1988  169.9   90.7  126.7   52.8   58.5   37.2  150.5  117.2   93.3  118.8   65.3   81.5   350.6   238.0   305.0   277.3  1162.4
1989   98.0  137.9  124.5   79.2   32.2   62.9   42.1  103.0   59.1  128.8   60.5  118.9   317.4   235.9   208.0   248.4  1047.1
1990  170.1  193.4   95.4   60.3   35.7   93.8   49.6   73.2   82.5  142.9   79.1  130.3   482.4   191.4   216.5   304.4  1206.2
1991  111.5   70.4   94.2   91.1   22.8  103.5   76.5   43.4   84.3  107.3  138.4   82.8   312.2   208.1   223.5   330.0  1026.3
1992   79.1   89.8  128.1   91.1   59.1   39.3   86.7  162.9  118.2   96.0  161.4  107.2   251.8   278.3   289.0   375.6  1219.1
1993  175.6   33.5   59.3  102.5   98.7   68.8   94.5   62.2   99.5   93.9   73.6  188.8   316.3   260.4   225.4   267.0  1150.6
1994  154.8   88.6  146.7   94.6   49.6   63.0   54.4   82.9  103.2   98.4  108.2  174.3   432.1   290.8   200.3   309.8  1218.6
1995  180.9  142.9   94.4   40.7   59.8   29.8   58.1   18.6  135.5  117.8   99.9   73.4   498.1   194.9   106.5   353.1  1051.7
1996   75.0  102.0   48.8   73.0   65.8   42.5   55.3   78.7   44.4  136.9  147.9   67.1   250.4   187.6   176.5   329.2   937.3
1997   29.7  168.4   67.2   43.4   87.2  115.7   64.1   83.9   62.2   72.6  123.2  133.5   265.2   197.9   263.7   257.9  1051.0
1998  134.2   82.5  105.3  120.9   41.4  121.8   93.3   79.1   92.6  187.7  118.6  122.7   350.2   267.6   294.1   398.9  1300.1
1999  164.9   83.4   89.0   88.7   76.0   93.9   46.4   91.8  140.5   93.5  109.9  195.7   371.0   253.7   232.1   343.9  1273.8
2000  102.5  132.0   68.0  123.7   77.5   58.5   59.6   85.5  133.8  199.9  176.4  156.8   430.2   269.2   203.6   510.1  1374.1
2001   79.0   97.0   85.6   89.5   43.3   58.2   81.6   96.9   88.9  165.2   95.1   70.1   332.8   218.3   236.7   349.2  1050.3
2002  134.7  175.2   75.6   68.1  101.6   86.8   98.4   73.9   40.7  154.0  163.3  109.1   380.0   245.3   259.2   357.9  1281.3
2003  114.1   48.5   53.7   50.4   98.3   71.2   78.3   26.9   54.1   64.0  120.4  121.9   271.7   202.4   176.4   238.5   901.9
2004  151.3   74.2   70.2   93.2   51.1   84.9   70.6  159.8  103.5  165.4   75.3  111.2   347.4   214.5   315.2   344.2  1210.6
2005  127.2   70.0   73.0   91.0   72.8   71.8   59.4   85.7   92.4  141.8  116.1   80.6   308.4   236.8   216.9   350.4  1081.9
2006   59.7   65.1  110.7   67.6  112.5   42.2   53.4   92.1  102.5  143.0  153.5  173.8   205.4   290.8   187.8   399.0  1176.1
2007  153.0  110.1   88.6   26.9  114.1  135.9  134.8   86.1   67.1   64.7  101.4  114.2   436.9   229.5   356.8   233.2  1196.9
2008  189.3   82.0  122.6   76.1   47.8   78.8  108.2  134.8  105.7  155.0  105.9   87.7   385.6   246.5   321.8   366.6  1293.9
2009  119.5   60.0   79.2   60.1   81.9   61.9  145.3  115.1   63.9  107.7  215.1  100.5   267.1   221.2   322.4   386.7  1210.2
2010   79.6   74.6   78.8   47.9   39.1   38.5  107.1   97.4  113.5  100.7  122.8   47.3   254.8   165.8   243.0   337.0   947.3
2011  102.2  114.0   49.6   36.2  101.4   84.8   75.9  105.6  107.8  122.6   99.6  167.0   263.5   187.3   266.3   330.0  1166.8
2012  110.5   59.8   36.9  128.0   65.6  148.9  118.3  111.2  112.1  125.7  135.2  178.5   337.3   230.5   378.5   373.0  1330.7
2013  110.1   59.7   64.4   63.2   92.0   48.7   65.2   72.4   71.3  162.8   90.6  186.3   348.3   219.6   186.3   324.7  1086.7
2014  187.0  168.1   80.0   67.5   99.4   54.6   64.5  138.6   22.8  157.7  123.4  132.0   541.4   247.0   257.7   303.9  1295.7
2015  153.7   80.1   95.3   45.6  110.2   56.4  107.7  104.8   52.1   72.2  172.2  217.4   365.7   251.0   269.0   296.5  1267.7
2016  179.0  110.3   83.6   77.2   61.3   96.0   78.8   85.5   96.6   47.2  104.9   77.4   506.7   222.2   260.2   248.7  1097.7
2017   76.2   93.6   97.9   33.5   57.2  110.5  101.4  102.8  117.4  102.1  107.9  120.6   247.1   188.6   314.7   327.4  1121.0
2018  132.7   68.9  103.8   83.9   47.9   34.9   54.5   83.2  101.9  104.6  122.0  117.6   322.2   235.6   172.5   328.5  1055.8
2019   65.1   71.9  129.1   48.7   63.8  107.7   88.9  136.5  122.4  138.8  117.6  138.9   254.6   241.5   333.0   378.9  1229.3
2020  121.7                                                                                                                     
